10,294
10,142
10,20
10,130
10,206
10,226
10,90
11,28
11,15
11,8
11,21
11,12
11,29
8,5
8,16
8,13
98,5
98,4
98,3
98,2
98,1
98,0
97,3
97,2
97,1
97,0
96,4
96,3
96,2
96,1
96,0
95,4
95,3
95,2
95,1
95,0
94,4
94,3
94,2
94,1
94,0
93,3
93,2
93,1
93,0
20,3
20,2
20,1
19,3
19,2
19,1
12,3
12,2
12,1
11,27
11,26
11,24
11,22
11,17
11,13
11,11
11,9
11,7
11,6
11,4
11,3
11,2
11,1
10,314
10,298
10,246
10,214
10,212
10,198
10,194
10,192
10,164
10,152
10,150
10,146
10,138
18,1
10,64
18,3
14,1
10,32
10,3
10,2
14,3
13,1
10,1
9,7
9,6
9,4
9,3
13,3
9,2
9,1
8,18
8,17
8,15
8,14
8,10
8,9
8,8
8,7
8,6
8,4
8,3
8,2
8,1
3,3
3,2
